238
239
238
235
231
228
230
231
234
234
232
229
231
233
237
240
243
242
241
241
243
242
242
240
238
238
240
246
247
246
244
243
242
241
240
242
242
244
248
247
247
248
250
251
251
247
244
243
241
243
244
245
245
245
244
244
242
239
235
234
234
235
236
233
237
241
240
238
239
242
242
243
246
247
249
249
243
242
235
230
224
217
216
213
210
215
221
226
224
222
224
229
230
227
229
233
241
248
250
252
258
257
253
248
244
238
238
237
238
243
248
251
251
253
253
248
244
241
236
235
235
242
248
251
256
254
246
246
236
234
239
241
246
249
250
252
250
250
251
250
250
248
248
248
247
246
242
235
234
233
236
240
239
242
242
244
244
242
242
242
240
240
241
243
243
246
248
249
248
242
234
226
218
207
206
204
206
209
209
209
213
219
224
227
230
237
244
249
253
256
265
267
269
270
268
259
252
242
235
231
225
230
233
245
255
259
258
258
255
255
250
244
243
243
242
240
237
239
241
243
248
251
254
254
254
253
249
247
245
245
246
247
250
252
253
254
251
246
237
233
232
231
232
235
240
240
241
244
243
247
247
249
251
253
252
249
245
243
238
233
228
220
217
211
205
210
217
221
220
219
222
227
231
230
234
240
248
252
254
255
261
263
263
255
251
244
240
236
234
236
242
248
250
255
256
256
256
253
250
248
244
242
242
243
245
248
242
243
240
242
246
249
252
255
254
252
250
250
248
249
248
248
249
252
252
250
247
241
237
234
235
237
240
240
245
243
243
243
243
243
246
247
249
252
252
253
246
244
238
235
230
221
213
211
207
205
214
216
215
215
218
224
228
227
232
241
247
251
256
257
266
268
270
269
263
253
249
240
234
228
232
242
246
257
261
259
257
255
253
253
248
243
243
244
245
250
245
245
247
241
243
245
248
252
253
253
253
253
253
252
250
249
248
248
248
249
250
249
244
238
237
236
236
238
240
241
242
245
246
247
251
252
256
258
257
250
245
243
238
231
223
215
213
210
207
216
222
224
225
224
227
228
229
228
232
241
247
253
258
259
264
264
262
257
252
246
243
239
241
243
246
250
251
254
255
253
253
251
248
247
245
245
246
247
252
251
245
246
242
242
247
250
252
255
255
254
252
251
249
252
250
251
253
254
253
253
251
247
241
237
235
232
235
237
240
241
242
244
245
248
251
253
254
257
257
253
250
248
242
236
230
222
213
214
205
210
218
220
221
223
225
226
227
231
234
239
246
248
251
255
263
265
269
270
263
258
251
247
243
241
243
245
246
251
254
252
251
250
249
247
246
246
251
253
255
252
246
245
239
242
246
250
253
256
256
255
252
251
251
252
252
252
254
256
253
253
248
241
240
236
235
239
241
241
246
246
247
245
244
243
246
250
251
253
256
258
253
250
242
237
231
223
216
215
207
210
218
222
222
222
225
226
230
231
238
245
252
258
259
262
267
268
263
256
251
243
242
240
245
251
256
259
256
254
250
246
243
241
243
249
254
257
260
261
256
251
242
239
240
247
253
255
257
256
254
251
250
249
250
251
252
253
258
258
255
253
246
239
237
236
240
241
243
244
247
247
247
246
245
245
245
247
247
249
251
253
256
253
247
240
235
225
215
213
213
215
221
223
223
228
229
231
234
233
240
247
254
256
259
260
262
261
256
250
246
243
247
250
251
252
252
251
250
250
248
247
248
249
250
252
254
256
254
252
251
246
243
243
248
251
254
255
255
255
253
253
250
250
250
251
252
252
256
257
256
255
252
248
242
240
237
237
238
240
242
247
249
252
253
252
254
254
254
253
251
246
243
241
237
231
225
228
227
221
224
223
226
227
226
228
228
230
230
230
236
243
248
254
260
263
264
263
259
252
246
243
240
246
249
253
257
259
258
254
250
246
245
241
246
252
256
259
260
261
256
252
242
239
241
247
252
256
257
257
255
253
250
250
252
253
253
254
257
258
257
256
251
245
239
236
239
240
241
246
248
251
251
249
248
246
248
251
252
252
254
254
254
254
245
239
233
225
217
215
214
214
222
228
230
230
230
233
238
238
241
246
254
258
260
261
262
261
255
250
244
242
246
252
255
256
253
248
247
247
245
249
252
253
253
253
252
253
256
257
255
250
243
243
246
251
255
257
259
257
256
253
251
250
251
253
255
256
256
255
254
253
250
248
245
241
235
239
240
242
245
247
249
251
251
249
249
249
249
250
252
254
256
254
250
244
235
225
215
215
211
214
223
225
225
229
230
232
236
239
245
250
254
257
262
263
262
260
255
249
244
243
248
253
256
256
253
250
248
248
247
250
252
252
253
253
252
254
256
258
257
252
244
242
243
250
255
258
259
258
256
255
251
251
251
252
253
254
256
257
255
254
251
246
241
235
241
241
243
243
248
250
250
249
247
247
246
245
248
250
254
256
256
254
247
239
231
225
223
219
219
224
228
232
232
231
233
235
237
235
238
244
250
254
257
259
262
260
256
251
246
243
244
249
251
256
260
258
256
254
249
246
244
243
247
254
258
259
261
262
258
252
243
241
243
247
254
256
259
257
255
254
251
253
252
255
254
256
256
254
251
250
246
244
243
245
247
245
243
245
246
248
247
246
249
250
253
255
257
