242
240
226
222
217
225
230
224
236
231
231
234
249
268
275
276
269
266
267
272
276
276
265
248
233
229
225
220
214
214
217
214
210
209
218
232
246
248
245
248
250
245
243
242
239
236
233
233
228
233
241
245
248
248
247
254
255
259
245
244
244
232
232
235
239
239
238
239
239
240
242
259
266
261
255
254
254
247
237
236
232
244
260
259
260
266
263
263
269
259
246
242
236
230
227
220
212
208
208
214
218
225
227
239
260
268
269
272
279
278
272
263
266
264
267
253
242
241
234
231
221
218
217
198
194
210
221
227
232
235
244
247
252
252
250
245
244
238
231
235
245
245
245
250
253
250
258
247
243
237
240
242
240
233
234
235
235
233
233
238
240
242
248
253
264
271
273
279
267
251
241
244
264
270
268
266
261
261
266
253
242
239
233
228
223
219
213
206
207
213
217
229
231
244
259
269
270
272
281
280
276
270
261
257
259
250
242
237
232
230
225
223
220
204
198
216
224
234
235
241
244
243
248
248
247
242
241
238
230
236
244
244
242
249
248
248
253
252
245
236
242
244
247
243
240
243
244
237
237
237
241
245
256
264
268
265
262
266
258
251
241
231
252
265
262
260
256
256
258
252
247
242
239
236
230
224
217
209
209
216
220
235
236
248
265
273
276
278
282
283
276
273
264
255
247
244
238
233
224
223
221
223
221
202
204
228
233
243
244
251
247
244
248
250
245
241
242
238
230
235
243
243
245
250
252
249
258
261
247
236
237
239
246
239
234
234
239
236
240
240
241
241
249
256
262
270
269
269
270
258
246
243
260
271
272
268
265
266
268
258
244
241
231
227
224
215
211
210
210
214
218
231
234
245
263
269
272
273
282
282
278
273
262
254
254
253
246
237
228
229
227
224
221
205
201
221
230
238
238
243
243
243
248
250
249
243
243
239
229
238
245
246
246
253
254
253
263
249
248
238
241
247
248
239
239
240
242
242
240
240
236
242
246
254
260
267
266
274
271
261
248
237
254
267
275
267
266
265
262
256
247
241
236
235
228
223
219
210
209
216
219
226
237
242
256
267
274
277
280
293
285
283
272
257
255
248
242
239
227
216
214
215
214
208
197
208
230
237
243
256
257
260
255
251
246
240
239
240
235
238
242
242
245
249
252
254
260
262
250
240
238
240
247
241
235
235
238
237
238
240
239
242
248
255
265
271
272
277
275
263
248
247
254
269
279
267
268
267
266
254
252
243
236
238
231
223
214
210
209
215
219
226
233
243
249
258
269
272
275
289
283
281
274
257
255
252
246
243
232
225
219
219
218
211
210
201
224
233
241
251
256
260
255
252
245
242
238
241
239
237
242
243
242
244
244
243
250
258
271
269
245
240
239
237
248
245
27
238
239
240
241
253
251
258
262
269
269
269
260
249
239
258
266
273
270
266
268
268
261
252
249
243
240
235
231
220
215
209
209
217
222
229
233
244
257
269
274
278
283
286
278
272
271
261
260
250
246
237
234
234
229
223
220
210
199
215
226
231
235
242
244
246
253
252
252
247
246
243
236
242
249
248
248
251
254
254
258
265
249
235
238
241
247
238
236
240
246
242
243
242
240
241
248
262
268
269
269
268
266
256
248
247
256
266
275
266
268
268
265
256
249
243
241
237
231
224
219
213
211
216
221
228
230
245
253
263
265
270
278
282
280
275
266
263
264
255
249
244
237
236
229
223
220
211
199
211
225
229
234
243
247
249
254
254
255
249
247
245
237
240
249
250
256
256
251
234
243
251
256
256
258
249
236
237
243
243
240
238
240
241
243
253
255
266
267
268
268
266
253
244
234
237
260
272
266
269
263
264
269
262
255
249
246
241
235
228
220
214
212
215
219
225
226
244
254
259
266
272
280
286
283
280
274
260
256
253
250
243
235
226
227
226
224
217
212
209
228
232
241
243
247
245
250
250
249
243
245
245
242
243
247
248
247
252
254
255
262
252
248
240
242
244
243
239
241
243
247
246
244
243
237
240
250
263
267
272
268
271
267
260
249
242
250
262
271
262
262
261
256
252
237
233
231
227
225
218
215
213
215
222
225
224
225
244
266
278
284
284
296
301
298
294
282
270
263
261
252
249
236
224
223
218
215
204
197
181
198
204
212
217
222
225
228
231
235
237
239
244
247
253
265
272
278
309
308
311
316
321
311
294
279
265
257
252
251
251
249
242
246
250
243
236
234
225
217
215
212
207
202
199
216
231
246
255
269
272
275
277
277
270
263
265
263
257
250
240
228
220
219
215
218
227
226
237
243
242
248
240
240
237
246
247
247
241
238
235
238
240
236
233
231
230
228
226
224
225
225
222
227
231
236
232
239
243
247
242
240
246
248
253
257
260
263
277
282
284
301
306
322
324
326
299
270
271
273
270
264
261
261
260
262
272
277
272
257
237
230
221
215
214
191
188
197
199
208
219
216
220
223
220
213
221
231
238
235
236
246
250
250
263
265
266
262
279
293
283
284
281
272
276
279
277
270
253
238
232
233
222
219
216
213
210
209
203
204
224
245
255
273
275
266
243
234
232
224
217
206
200
198
209
222
218
222
231
232
229
235
240
242
245
245
248
252
259
264
265
270
274
282
304
317
321
319
318
304
289
284
284
274
262
256
240
237
234
235
237
244
241
232
226
219
211
206
214
220
222
230
235
239
252
255
259
265
276
280
276
264
251
250
246
225
219
224
234
225
236
234
224
221
220
214
214
215
214
218
223
223
225
229
230
226
225
228
228
220
213
202
191
178
162
146
117
103
155
151
165
190
204
215
218
223
233
233
232
236
237
240
239
240
239
247
249
249
248
247
250
251
249
242
243
238
238
234
232
236
241
241
242
244
246
254
246
237
242
241
239
241
241
242
247
251
255
253
260
265
266
264
263
262
262
262
261
257
249
246
247
248
247
247
247
246
248
250
249
249
253
257
257
255
256
260
266
266
267
271
272
269
262
261
262
261
258
261
260
259
253
250
254
251
247
248
247
247
246
246
245
245
246
245
246
250
251
250
252
251
254
254
254
250
247
245
244
244
242
240
238
237
239
237
237
239
239
231
