224
225
224
209
208
206
213
220
218
215
215
217
225
237
248
251
257
253
255
254
259
258
258
257
233
217
214
208
206
201
196
195
189
183
189
199
214
227
231
234
241
238
234
229
226
223
220
218
212
209
217
222
224
227
231
232
237
244
234
230
219
225
222
229
222
219
221
228
224
223
222
222
223
232
242
246
251
249
248
244
239
229
223
237
249
251
246
242
243
242
238
230
221
217
214
208
202
196
193
193
200
205
215
222
235
250
257
265
264
270
270
260
257
247
238
234
226
223
216
206
202
203
202
200
192
183
206
218
222
235
236
241
231
230
229
224
221
222
223
216
221
225
228
230
237
241
242
247
234
233
227
225
226
226
223
221
221
223
224
227
231
233
232
231
235
243
249
248
252
249
245
240
235
243
251
258
250
249
247
245
235
223
218
212
211
210
206
203
199
200
206
211
217
227
239
253
260
271
267
269
277
264
261
253
238
235
231
224
217
206
202
204
202
201
194
183
206
217
223
241
243
248
238
234
232
228
225
225
226
219
222
228
231
232
234
238
242
246
255
238
232
220
224
230
227
222
222
224
223
224
227
230
231
234
242
253
258
259
260
255
244
237
243
256
257
260
254
242
240
242
232
222
218
214
214
212
206
201
203
202
209
212
224
227
237
255
260
264
266
276
273
268
262
254
246
237
229
222
214
210
211
208
209
207
191
192
214
220
231
230
242
239
224
212
210
210
202
196
200
211
224
236
243
258
263
264
273
278
285
274
267
251
242
233
230
232
232
233
226
225
221
219
222
221
215
216
221
229
246
250
248
251
245
236
242
249
257
255
253
252
243
237
230
226
223
221
216
218
211
212
215
219
223
223
235
250
256
250
252
261
280
283
276
280
267
252
247
237
231
221
209
205
193
190
182
177
174
191
201
216
235
244
256
263
267
244
217
201
193
187
188
199
200
197
206
210
216
215
214
218
221
222
222
221
219
222
221
220
219
213
213
207
192
169
144
111
83
69
28
154
216
233
217
235
231
232
228
231
234
242
238
240
230
218
217
222
221
221
221
220
227
229
232
235
242
253
257
252
251
250
253
254
252
250
243
237
233
235
238
238
240
236
235
236
236
238
240
241
243
242
243
245
250
256
259
265
273
276
278
280
285
291
294
295
298
298
298
305
304
307
307
308
305
298
289
286
285
284
284
278
277
282
289
290
290
290
288
283
271
260
237
223
223
220
221
217
224
228
230
231
232
226
222
228
238
237
239
240
237
236
236
239
239
247
253
254
248
243
244
250
257
258
257
257
238
237
242
239
232
227
228
225
221
217
205
203
214
226
229
228
228
235
236
241
241
237
234
236
234
227
231
238
240
237
242
245
244
250
245
241
234
237
238
243
238
237
237
237
231
224
228
257
274
283
294
293
285
282
268
247
238
230
224
223
224
229
230
224
221
216
209
199
194
203
205
219
226
231
247
246
248
251
256
257
266
277
264
260
264
265
267
263
258
263
264
249
250
250
239
227
225
212
201
198
190
189
179
185
194
205
219
231
238
253
258
261
259
256
255
265
284
284
268
266
261
258
252
252
254
254
251
244
240
243
243
243
242
236
229
225
216
216
217
218
216
209
211
209
201
195
216
229
240
251
261
269
270
274
276
277
267
257
247
242
243
237
228
221
220
221
211
212
215
218
229
263
270
279
282
289
287
279
275
263
244
229
227
228
218
208
208
188
187
189
181
172
184
212
224
235
256
268
268
268
269
254
246
241
211
191
173
175
203
215
214
217
227
233
234
247
253
267
278
299
300
302
303
302
297
287
269
265
258
244
240
235
231
230
220
186
172
167
186
201
217
238
245
253
252
255
257
259
261
270
276
274
272
266
259
255
244
243
242
233
240
248
235
233
236
238
243
245
244
238
246
253
253
256
256
245
236
235
227
223
210
204
208
211
201
197
203
206
215
222
227
238
246
250
262
272
281
288
291
294
274
263
247
240
248
235
225
230
231
233
229
224
224
217
218
187
184
200
213
207
216
223
235
239
238
231
222
213
198
186
193
222
232
239
243
247
258
262
273
280
280
276
290
315
324
334
354
350
335
326
330
337
337
346
361
365
335
323
318
301
281
260
249
250
249
242
224
212
192
188
178
181
183
176
172
169
166
160
159
158
156
155
155
156
132
153
183
216
243
264
276
278
274
277
265
251
248
250
237
231
231
230
229
226
221
212
212
225
237
250
261
265
264
261
266
260
255
247
244
255
265
271
263
262
260
258
250
243
239
235
230
221
215
209
205
205
214
218
230
232
241
261
268
271
275
277
284
276
274
266
255
250
244
235
231
224
224
221
220
219
207
198
219
228
232
239
243
244
240
245
246
245
239
241
239
234
235
242
243
244
248
250
252
256
260
248
232
239
238
247
240
239
242
242
238
233
228
237
243
252
262
264
264
256
252
246
249
239
233
246
264
263
252
256
256
265
266
261
258
252
242
238
224
215
206
204
212
217
223
226
239
250
259
265
268
272
276
271
267
270
266
263
248
245
241
236
227
221
217
210
197
197
211
221
231
237
246
254
253
254
253
249
242
237
232
229
232
241
243
247
250
251
255
238
247
