239
237
225
219
220
227
226
225
238
227
231
235
248
264
272
277
267
267
259
276
275
273
259
237
233
229
224
221
219
216
209
205
205
207
214
228
235
240
246
250
254
248
246
244
242
236
234
226
219
227
237
238
238
238
239
242
249
256
260
245
233
236
239
243
241
241
246
240
243
235
231
229
238
243
248
259
263
265
261
255
245
238
242
251
258
259
252
252
249
237
234
226
226
227
227
224
223
219
218
223
225
231
240
257
260
268
275
272
276
287
277
273
261
249
238
233
229
225
216
207
210
210
209
202
195
217
230
233
250
254
254
248
244
241
236
233
233
234
229
230
236
239
239
247
250
252
257
248
246
237
234
234
236
239
231
230
230
234
239
242
245
245
245
250
258
262
263
269
262
254
244
246
260
265
263
257
258
260
259
252
238
231
226
219
220
216
210
214
212
228
233
239
243
259
265
267
270
270
271
266
256
255
256
243
242
238
229
229
225
225
219
211
209
208
214
225
231
231
233
236
239
238
232
231
229
226
224
225
221
235
247
252
255
257
258
261
269
276
281
260
247
244
238
242
243
244
241
235
233
225
223
231
239
250
258
258
259
261
253
249
240
234
234
251
263
258
254
254
247
237
227
214
207
207
212
214
218
215
216
226
228
237
254
280
299
311
307
303
305
295
282
274
262
248
232
220
218
212
202
198
195
195
190
189
211
233
245
259
268
270
259
251
245
246
250
253
255
253
250
246
244
246
245
248
247
240
234
232
230
229
234
226
216
213
222
224
221
222
226
231
241
252
257
263
262
267
265
262
258
253
243
253
270
277
271
267
267
271
268
255
247
245
240
237
226
218
210
202
200
204
208
212
209
214
228
226
236
254
261
271
279
279
293
293
294
284
278
276
257
246
243
235
231
217
205
196
184
183
197
206
221
228
242
248
255
259
263
260
257
260
260
254
248
249
252
248
233
228
230
229
231
230
229
229
231
232
237
238
244
249
244
246
248
248
246
241
242
249
243
232
231
233
226
230
245
256
260
261
296
283
272
278
275
283
281
286
277
270
268
260
261
262
261
271
289
295
301
303
294
294
279
285
272
248
339
291
310
310
277
272
259
232
228
211
210
206
199
210
232
242
237
233
235
237
239
239
244
235
228
227
232
235
233
231
233
223
230
232
227
226
229
234
233
236
245
247
248
247
247
246
282
312
315
306
307
286
289
248
273
292
285
277
262
258
257
262
263
262
260
252
243
232
222
210
209
230
210
223
232
230
233
236
248
256
269
270
259
256
264
260
250
247
249
246
238
221
227
221
206
205
203
197
194
187
182
187
180
186
187
187
188
188
202
206
214
220
221
218
210
203
194
187
180
177
176
178
189
205
220
235
250
257
265
270
267
265
260
253
249
246
247
259
258
260
263
249
240
231
228
229
228
223
234
244
255
258
257
257
259
259
249
243
242
238
240
238
234
226
225
227
230
237
240
249
266
268
271
274
274
278
267
263
265
259
259
247
239
238
234
230
220
219
213
201
203
219
227
234
239
245
250
253
255
255
250
245
242
236
228
235
243
241
244
244
244
245
254
262
271
254
241
233
