232
230
215
211
208
216
217
227
222
222
224
225
247
256
267
264
258
253
258
265
267
262
250
233
222
221
218
213
208
210
203
198
197
203
208
223
232
234
241
243
244
239
231
230
227
224
224
220
211
225
230
231
236
237
238
242
248
245
242
232
225
229
233
237
235
236
234
230
226
216
225
232
239
249
254
252
252
255
247
238
231
225
230
242
255
252
246
246
242
238
235
226
227
226
222
217
210
207
206
207
210
218
233
240
251
262
265
267
271
279
266
262
256
243
238
234
226
223
211
206
208
205
204
200
186
204
221
224
238
241
246
239
235
232
233
230
230
230
225
223
234
233
232
235
236
236
243
248
257
250
236
225
226
229
234
232
232
229
227
225
224
231
235
243
254
258
258
258
252
243
235
229
239
248
261
257
252
253
244
240
235
227
227
227
222
219
210
203
202
206
209
217
233
240
252
261
267
266
270
282
269
267
260
244
241
239
230
228
215
210
214
210
209
204
189
208
223
226
236
242
246
241
236
235
233
230
230
231
227
222
234
233
236
240
243
240
248
262
244
232
228
235
233
238
234
232
237
233
232
228
227
231
238
248
257
259
259
260
254
247
236
231
241
251
259
258
251
251
248
244
236
230
230
229
224
218
210
206
206
208
212
221
235
242
255
262
268
268
276
283
273
270
260
245
243
237
231
225
216
209
209
208
206
203
190
206
224
231
239
246
249
246
242
240
234
230
230
232
224
224
235
235
237
245
248
248
255
241
241
236
234
231
232
236
232
231
235
233
235
236
235
236
243
251
258
261
263
265
260
252
238
236
246
262
263
257
254
256
253
246
237
230
228
222
220
218
212
201
204
211
215
229
232
245
259
266
268
268
279
278
273
271
258
250
243
237
233
226
214
212
217
213
212
202
192
214
225
230
243
244
246
241
238
238
238
235
234
234
230
228
239
237
241
240
240
243
250
258
270
244
233
230
228
235
234
232
232
227
222
224
232
241
248
255
256
262
263
262
254
246
236
252
262
267
265
259
263
260
256
249
241
234
231
226
220
215
207
205
201
209
213
224
226
237
255
266
269
274
279
284
275
272
261
254
249
243
235
226
220
222
218
216
214
200
197
219
226
235
235
236
238
237
239
241
244
238
236
234
222
235
238
242
244
241
241
245
250
257
267
244
233
235
237
243
237
239
239
234
232
227
229
236
243
255
261
260
259
262
255
248
239
236
255
264
263
260
260
263
259
253
246
239
234
232
227
221
214
207
206
213
217
223
226
237
249
257
262
269
270
279
271
265
262
259
260
250
240
236
228
226
220
220
215
197
195
208
220
226
230
238
244
248
251
250
248
244
240
236
230
227
239
238
241
241
239
243
247
261
260
239
234
240
243
245
241
241
245
239
229
229
232
238
250
253
252
249
249
248
246
243
241
234
235
237
254
255
252
248
254
262
263
264
278
270
256
246
233
213
212
210
210
217
222
239
251
250
255
263
274
283
280
279
275
260
247
243
240
241
232
231
228
226
225
219
219
219
216
218
224
237
239
240
239
239
242
240
241
239
233
234
242
249
248
250
252
255
257
261
262
258
261
257
254
251
247
246
244
237
237
235
235
236
230
236
242
247
247
245
240
241
240
248
254
258
260
258
261
264
265
262
257
251
255
266
270
273
272
279
283
305
314
337
360
413
457
503
536
560
255
241
291
292
273
217
216
217
183
175
236
231
234
240
242
249
242
246
234
242
240
241
239
241
239
238
232
224
218
194
181
184
179
170
170
166
162
149
141
137
130
125
120
114
102
