229
230
229
217
216
210
219
220
217
224
219
219
227
240
251
261
261
260
260
258
263
261
261
270
249
228
219
213
209
200
201
202
196
192
190
199
213
228
237
243
244
245
238
233
231
227
223
224
222
215
216
228
228
229
235
239
239
245
247
237
228
224
222
222
229
224
223
224
224
226
229
230
232
237
241
246
248
249
251
247
245
239
232
245
255
259
255
254
256
254
249
240
235
231
225
221
212
203
196
196
201
205
213
216
228
239
250
254
259
262
269
266
262
254
249
253
245
234
230
222
218
212
210
208
191
190
202
214
220
224
230
236
239
244
242
235
232
228
226
221
220
230
231
231
236
239
240
244
243
236
229
229
230
231
230
225
225
232
230
229
230
232
228
236
245
256
257
254
253
252
244
234
231
247
254
261
256
253
255
255
249
242
238
231
224
218
214
210
202
202
204
208
219
221
231
243
254
258
263
264
274
269
267
253
248
247
238
232
227
221
220
216
214
213
198
191
208
218
225
224
227
233
232
240
240
234
232
231
230
225
225
234
235
236
242
244
243
247
244
238
230
230
230
235
230
226
227
230
228
231
232
230
231
239
246
256
262
262
259
260
246
236
239
256
262
262
261
261
259
248
246
241
236
232
227
223
215
208
203
201
206
211
219
221
232
240
252
257
263
266
274
268
262
258
254
256
243
234
231
230
226
217
216
213
198
194
207
217
231
235
236
233
236
239
238
235
233
232
232
225
223
234
236
242
245
246
251
258
259
249
246
238
232
227
229
233
235
237
230
225
229
234
244
251
253
260
267
267
254
251
234
242
251
245
251
240
235
228
229
230
230
224
219
218
218
221
221
222
224
226
234
235
237
239
249
258
264
271
273
270
259
259
256
251
240
237
228
228
224
219
217
214
210
210
210
209
214
217
223
229
237
239
239
241
241
238
235
233
229
228
230
237
237
237
237
235
232
233
241
245
247
242
233
214
220
238
248
252
254
259
258
256
261
254
254
260
271
270
273
217
199
190
189
200
220
232
239
258
264
270
270
262
255
264
265
267
267
258
248
248
243
243
239
231
230
247
239
230
225
224
237
243
245
250
245
238
235
242
250
243
237
234
232
230
224
216
214
217
228
226
224
229
229
233
233
232
234
232
235
232
233
242
241
242
242
243
244
250
254
244
243
240
241
246
245
242
243
240
233
231
224
233
236
246
253
257
258
257
257
251
243
236
229
240
256
262
260
256
257
255
253
248
244
243
239
237
230
223
216
215
216
219
224
216
216
225
217
220
238
255
273
281
282
284
278
273
267
262
256
245
240
230
220
219
210
210
208
190
205
211
220
228
235
241
244
248
246
244
244
240
246
246
248
248
244
241
239
237
239
244
247
247
240
237
235
235
235
233
230
227
232
234
239
249
252
260
254
254
260
252
243
242
257
260
271
278
266
267
265
263
255
253
248
241
240
235
222
214
206
204
209
210
215
218
228
241
243
250
259
264
271
274
273
265
240
219
203
195
196
202
220
231
239
243
253
259
264
263
264
266
271
262
254
249
244
233
230
225
224
224
216
216
221
227
230
231
239
247
255
259
256
242
236
236
239
246
245
241
238
239
237
238
241
241
247
249
254
255
261
260
256
252
242
243
259
265
260
261
262
261
255
244
241
239
235
231
227
224
220
219
218
222
230
230
242
250
251
256
262
267
274
276
273
262
258
259
248
243
235
232
230
225
221
218
223
238
251
258
261
255
246
245
243
236
234
228
229
227
230
222
218
214
206
214
216
216
223
234
243
249
244
239
232
235
249
253
254
254
251
254
254
254
258
256
257
252
252
252
248
239
244
240
243
245
252
263
260
256
258
260
254
253
245
239
238
229
226
219
214
213
214
218
228
231
244
252
260
264
270
271
281
276
276
267
256
254
256
260
258
263
259
255
250
249
243
237
233
226
222
217
212
207
187
195
201
203
195
187
197
210
218
233
241
255
269
267
270
275
279
278
279
277
263
250
244
239
236
236
237
237
237
238
234
232
226
232
236
240
255
257
255
257
251
240
249
261
266
266
265
260
254
249
248
245
244
237
231
226
216
215
215
218
227
230
258
255
260
270
273
271
281
272
263
244
217
197
192
198
211
222
235
243
254
258
262
258
262
256
258
263
261
254
244
234
232
226
222
217
216
217
220
232
234
241
247
249
254
262
266
264
260
255
247
241
240
240
238
236
235
234
231
236
240
252
257
263
261
260
263
256
250
243
246
261
267
270
265
264
267
263
261
254
246
243
235
231
225
218
209
210
214
217
225
227
240
251
257
264
269
273
280
277
275
272
255
255
255
245
243
232
230
228
225
224
217
203
208
225
228
232
236
242
239
244
245
245
241
243
242
235
235
244
245
246
253
267
285
310
293
278
275
266
252
248
249
244
241
239
232
225
221
217
220
223
223
224
215
211
233
243
245
250
244
242
256
262
272
270
271
266
264
259
255
252
247
242
236
227
218
216
214
216
227
229
238
245
246
254
257
264
268
276
273
271
260
253
256
252
247
239
232
232
230
227
222
208
210
224
227
234
237
238
237
241
244
243
240
242
242
240
235
246
246
246
247
249
234
229
221
205
206
214
221
224
232
242
245
253
260
268
276
289
293
293
292
289
284
278
266
267
267
250
249
250
243
245
244
247
250
248
241
235
225
224
223
223
226
230
233
235
241
242
248
250
264
268
266
266
269
273
276
273
271
263
253
246
240
239
231
223
219
223
224
225
215
206
221
235
239
242
244
248
244
246
247
242
240
239
238
234
236
245
246
250
253
255
257
258
246
241
244
245
244
246
243
241
240
237
232
236
242
245
246
251
259
265
261
260
267
258
246
247
263
265
272
274
269
267
268
273
257
254
248
243
238
230
225
216
209
209
214
218
226
226
238
251
257
262
267
272
278
278
276
261
240
228
217
211
209
208
215
225
238
243
252
255
259
263
265
265
269
266
251
249
246
235
234
227
225
217
223
231
232
239
242
243
222
211
206
197
204
212
216
221
228
236
238
246
247
244
253
265
264
259
259
266
274
276
272
264
260
266
277
276
291
305
303
299
300
297
282
265
260
261
264
265
265
265
264
267
278
283
302
320
355
388
427
386
354
330
283
272
264
250
235
220
210
208
210
211
212
211
206
206
201
202
204
203
202
200
203
205
206
209
209
212
214
215
214
210
211
218
220
219
220
221
222
223
229
233
234
229
225
224
223
222
220
219
214
210
211
210
210
214
227
235
246
247
251
255
247
244
240
238
244
248
249
247
249
249
245
239
233
231
232
232
233
235
236
235
237
239
244
246
256
272
282
285
277
268
264
262
259
257
251
250
248
241
237
230
226
221
215
216
215
215
225
233
239
244
252
253
251
248
246
244
238
235
237
232
238
247
247
249
244
243
241
243
