232
220
236
214
191
210
219
218
225
228
231
235
235
250
257
256
259
258
249
239
239
239
239
253
248
239
238
231
224
220
219
218
220
221
215
214
214
219
227
229
232
234
228
230
229
227
226
223
226
223
226
232
233
234
236
236
233
236
243
260
266
249
234
229
225
233
233
228
227
227
230
230
238
240
245
256
253
251
255
240
229
223
244
252
259
256
251
252
255
251
246
236
233
230
227
220
214
205
198
198
207
213
219
218
230
252
256
263
264
270
263
262
266
268
256
251
245
235
231
222
215
205
198
196
185
184
198
209
218
226
245
251
251
255
254
248
241
240
233
216
219
220
224
230
232
231
232
237
246
262
259
236
236
233
236
241
239
239
242
239
240
235
230
232
229
237
246
253
264
260
252
244
241
246
245
248
240
244
245
249
233
223
221
219
219
221
215
217
217
217
226
229
231
234
247
256
261
261
265
268
260
262
262
268
254
248
249
235
229
219
209
204
199
197
188
185
203
219
227
235
248
253
254
257
256
247
240
238
231
216
217
223
226
231
230
229
231
238
247
260
256
253
230
229
235
237
237
235
236
238
239
239
238
243
249
249
255
257
260
250
242
236
237
250
255
255
243
251
254
253
248
237
228
224
219
216
213
213
212
214
225
226
228
230
245
261
265
268
273
269
268
262
259
257
256
252
238
235
231
229
222
214
210
203
198
202
209
213
215
222
237
244
247
247
246
245
241
238
235
230
229
238
236
238
237
236
230
236
242
257
258
255
230
224
225
236
237
231
233
237
243
250
254
251
247
241
245
248
263
265
260
256
252
242
255
260
255
254
254
248
243
234
225
222
221
218
217
209
210
211
217
222
229
234
252
263
272
278
287
282
295
280
274
263
242
240
241
226
222
211
203
198
196
196
186
184
208
234
240
260
264
265
257
249
242
237
231
232
225
210
218
223
222
223
227
227
233
245
252
261
263
257
245
256
250
255
252
252
245
244
244
249
242
243
250
254
258
260
255
239
229
222
223
251
261
259
252
258
261
261
260
248
242
240
237
230
221
214
211
210
215
219
225
235
249
250
256
263
266
272
281
273
271
265
250
246
245
234
232
222
217
216
217
217
211
197
206
222
225
225
230
236
233
230
231
232
230
229
232
231
239
252
253
254
253
252
253
255
259
276
279
257
240
233
231
239
237
235
233
230
224
220
227
243
247
248
251
251
252
240
236
227
215
230
244
251
262
251
246
241
250
245
254
264
272
272
263
263
251
243
241
246
242
237
240
240
253
246
235
252
254
263
263
270
260
247
240
236
234
236
226
224
219
216
209
208
203
214
221
230
243
250
245
248
250
246
241
239
236
228
235
239
242
242
244
242
240
250
258
251
238
234
243
243
244
239
241
246
244
242
237
232
233
243
250
254
268
270
271
269
258
247
239
246
254
263
262
260
258
256
252
235
230
225
222
221
222
218
215
215
220
223
229
233
255
263
269
278
283
279
292
281
278
269
249
240
246
232
223
212
202
201
198
196
191
188
204
228
232
238
255
266
270
270
271
263
257
250
242
234
223
220
222
222
231
233
234
238
250
261
266
259
250
241
233
239
243
243
250
257
265
277
276
275
276
266
260
256
249
238
228
225
222
217
224
237
234
237
242
240
243
237
238
243
248
250
244
250
239
239
238
238
241
246
254
263
265
264
268
278
283
279
278
276
257
249
248
239
234
223
217
209
205
205
199
195
184
207
214
221
234
247
252
259
259
252
247
246
244
244
244
245
238
240
242
241
242
248
253
264
264
248
234
230
232
241
240
239
236
236
236
238
254
253
261
265
267
268
267
256
247
240
244
254
269
275
272
265
267
263
254
248
251
247
244
244
236
227
220
221
227
229
225
225
234
226
231
241
243
249
255
253
250
252
258
262
269
264
264
249
240
238
231
227
215
209
206
198
207
217
225
229
232
240
240
244
247
250
250
249
252
256
259
259
270
266
247
237
240
249
251
252
248
236
234
240
239
241
238
231
230
234
239
252
253
261
261
262
264
259
245
235
228
239
256
263
261
256
257
254
256
251
248
248
245
241
234
223
217
215
215
218
222
237
247
250
261
266
269
276
293
285
282
275
256
255
252
239
239
225
214
215
213
211
210
206
197
223
231
238
254
254
251
247
246
241
242
240
246
240
237
246
247
248
246
245
243
249
264
267
245
237
237
238
245
240
242
245
238
240
230
230
243
252
258
260
266
266
269
268
260
250
248
257
259
267
260
254
254
246
231
215
205
201
200
209
221
232
233
233
242
244
247
251
274
286
291
289
285
289
289
273
270
269
258
246
241
236
235
228
218
210
203
198
197
208
224
234
228
234
256
256
255
260
258
251
246
239
233
227
235
239
243
243
241
244
252
265
288
281
265
262
251
249
243
240
245
245
243
239
228
232
228
231
231
238
244
245
264
259
261
260
247
253
266
275
275
274
275
274
263
260
247
251
252
241
238
229
222
221
215
214
221
219
215
226
233
239
243
240
255
270
274
277
273
276
268
266
261
246
240
238
231
226
213
211
206
204
215
221
234
243
244
249
248
251
251
250
247
237
244
249
249
251
246
244
242
245
250
255
250
246
243
244
252
246
245
242
244
246
244
246
249
258
261
263
263
260
248
243
247
245
246
253
261
264
263
272
271
260
256
248
244
241
238
232
227
216
213
214
220
225
229
229
239
250
264
266
271
277
283
282
281
270
265
262
257
243
240
233
231
223
219
214
202
197
212
224
230
232
236
243
247
253
253
255
251
247
241
230
235
246
249
248
250
251
249
252
260
271
274
259
242
235
233
243
239
235
237
240
241
244
255
252
263
269
275
273
265
253
248
253
256
264
261
259
255
256
257
253
252
244
237
233
229
225
219
213
212
213
227
232
236
240
255
268
273
280
283
282
276
275
272
272
261
251
248
244
235
229
222
215
212
213
203
204
216
226
231
241
249
253
254
257
257
256
252
252
246
235
228
227
235
241
243
242
246
250
255
261
267
253
246
242
240
249
249
249
257
259
249
235
230
243
249
256
261
265
271
268
264
256
262
257
261
261
258
259
261
251
242
244
238
233
229
224
214
210
211
210
217
223
236
237
253
272
276
280
280
291
287
276
272
273
260
250
245
236
237
231
229
221
219
219
199
203
221
229
232
238
245
254
256
258
258
253
253
246
233
230
236
245
250
252
253
253
253
259
265
257
250
255
247
250
246
246
248
241
232
232
238
242
252
252
250
259
271
272
270
255
237
227
222
247
260
269
261
262
264
262
259
254
244
246
242
238
235
227
223
222
223
228
236
236
249
258
260
266
268
273
274
267
268
276
268
258
253
247
240
233
226
218
213
210
203
203
216
228
232
242
255
254
253
252
251
249
249
245
237
228
240
247
244
245
245
246
245
246
247
254
265
271
266
236
234
235
238
238
239
242
245
249
250
261
263
272
272
270
272
261
250
250
251
262
260
262
254
254
253
254
252
243
239
236
233
230
223
218
217
218
226
231
239
244
252
268
274
278
278
287
285
273
269
272
260
246
246
238
238
233
228
223
221
221
204
205
225
233
232
235
245
247
250
252
255
254
257
252
240
234
238
246
248
248
243
242
238
237
239
243
239
239
238
245
251
264
267
276
281
284
277
267
269
270
257
254
252
249
242
249
235
230
227
223
229
241
250
253
253
250
254
245
253
258
262
261
255
260
248
247
243
242
236
233
245
269
267
255
246
250
257
263
266
266
257
248
243
244
244
241
236
233
231
230
226
225
218
225
236
242
241
245
242
244
246
245
242
240
245
240
240
248
250
251
249
248
246
252
270
260
243
234
243
254
248
245
247
252
251
253
249
243
238
245
253
264
264
268
273
274
263
257
256
256
264
258
260
252
255
254
243
235
232
225
225
229
222
223
222
222
235
238
242
249
261
280
283
275
278
278
278
278
278
275
259
241
239
230
225
217
218
225
225
225
213
206
224
238
243
241
246
249
247
249
248
248
245
246
242
234
236
245
246
247
245
246
248
250
251
267
273
270
241
246
241
243
247
248
246
250
248
245
242
242
245
253
260
263
267
268
260
255
258
257
263
261
256
254
261
256
243
238
231
229
233
232
228
223
218
218
226
229
235
248
258
272
280
280
279
283
289
281
278
266
258
248
245
239
229
230
226
220
215
214
205
206
222
229
237
244
250
253
256
256
257
253
250
244
234
229
234
243
247
249
251
251
244
249
253
269
269
259
247
243
244
252
250
242
240
239
237
240
253
246
258
263
276
276
281
275
256
245
256
260
266
263
257
256
257
266
258
247
240
236
230
227
218
215
217
217
229
234
240
248
257
267
276
272
275
276
287
282
280
271
255
251
249
242
231
227
225
225
224
223
211
202
220
228
234
237
249
250
252
256
258
256
249
246
240
231
238
245
248
246
245
245
245
247
250
263
268
250
247
243
247
255
253
250
253
256
256
255
241
241
239
250
255
260
265
262
255
252
241
240
249
259
260
257
258
255
253
246
240
242
243
245
243
236
229
230
231
233
243
253
263
267
264
260
266
273
276
274
268
261
255
256
246
239
241
237
236
227
225
222
205
205
221
229
231
237
246
251
252
252
253
253
247
243
243
231
239
246
245
244
242
240
238
242
249
264
260
256
238
239
251
263
260
260
257
259
261
259
263
252
251
237
249
251
266
269
260
252
243
241
253
263
259
263
262
261
256
251
244
243
240
238
237
233
226
226
228
231
236
251
265
266
267
272
270
274
289
281
278
271
256
250
246
239
234
224
218
217
215
215
212
201
214
240
244
257
263
265
259
253
249
242
239
237
240
235
237
246
247
248
249
248
245
247
249
267
273
268
245
244
242
241
239
236
248
257
265
268
270
269
273
279
283
276
236
234
223
215
218
229
254
260
260
265
267
271
272
263
259
257
259
255
251
242
236
234
229
230
237
237
239
252
260
269
276
280
282
281
280
277
269
261
259
255
253
243
236
232
225
223
216
205
187
202
227
250
252
259
247
235
234
236
243
240
242
242
240
242
244
243
245
245
243
251
260
251
259
264
268
269
261
257
257
257
256
249
238
239
238
236
237
258
257
258
261
249
247
248
239
228
229
229
232
228
228
244
259
264
271
287
279
247
234
235
232
230
236
236
232
238
252
261
262
251
260
276
291
293
294
292
260
245
237
230
229
211
209
225
233
237
240
241
251
250
244
242
240
246
244
241
240
235
239
245
249
233
233
237
244
248
255
255
260
246
253
254
248
255
247
256
261
257
258
260
261
260
259
249
241
243
238
238
257
260
257
257
243
245
243
231
229
231
234
231
229
243
253
259
267
279
281
264
240
233
239
234
230
234
239
238
245
251
259
264
268
248
253
257
254
253
243
241
240
242
241
249
250
242
244
243
234
248
252
247
239
238
247
