235
232
221
211
213
222
224
223
225
225
227
236
245
257
263
270
264
268
264
266
275
274
268
242
227
227
219
211
207
204
202
198
195
201
209
223
239
242
249
254
249
241
237
236
233
230
231
227
221
224
231
236
231
236
236
235
238
256
257
251
239
229
223
222
231
229
224
222
224
226
232
235
244
251
253
259
260
259
250
243
239
257
263
272
269
262
257
258
255
245
242
237
230
226
215
202
194
188
189
199
204
217
218
233
252
265
270
272
280
278
267
263
255
247
248
249
243
236
223
222
223
220
218
208
191
204
219
221
230
234
234
233
238
238
239
234
239
235
227
230
237
237
241
241
241
243
244
238
243
238
239
241
243
240
238
239
236
230
224
226
231
237
247
259
260
259
255
260
252
245
236
227
242
256
261
252
250
247
246
247
238
236
233
232
227
220
212
206
205
209
213
224
236
245
258
263
271
271
279
285
271
268
259
249
243
235
231
227
219
211
211
211
208
202
192
211
226
229
240
249
252
243
237
236
235
229
229
230
227
236
240
239
238
239
239
240
245
252
253
244
239
236
235
243
237
236
244
240
238
234
228
233
241
253
261
265
270
272
271
255
248
235
232
247
248
253
254
252
243
232
233
215
214
213
214
215
224
229
228
233
237
239
240
250
265
267
262
268
275
284
288
287
287
270
254
241
233
231
221
212
205
199
196
190
185
177
202
206
220
235
246
252
262
263
262
260
251
246
236
237
239
248
251
241
238
223
227
232
240
236
230
233
236
234
237
238
238
242
245
246
250
246
246
249
250
262
264
269
266
256
248
242
250
248
259
258
250
250
249
239
227
219
217
216
218
221
222
219
221
230
233
237
248
259
264
271
271
268
276
278
270
268
257
245
238
230
232
225
214
215
217
216
215
199
204
226
232
240
243
247
250
245
245
245
241
237
236
230
223
232
240
239
240
245
248
249
254
254
243
239
237
233
235
242
236
232
230
231
234
234
237
245
246
258
260
264
267
268
253
241
230
257
263
271
272
263
270
269
263
252
245
243
238
234
227
214
204
197
197
205
212
223
224
238
253
263
268
272
276
282
274
270
258
257
260
251
242
237
232
230
228
222
218
205
197
212
221
225
228
230
240
242
244
244
246
245
241
237
230
236
244
246
246
252
250
250
257
246
243
233
239
242
243
235
231
232
236
236
238
238
236
234
241
254
263
269
268
266
263
253
242
251
262
265
271
264
266
264
260
247
243
237
236
236
229
221
215
208
208
216
220
227
229
240
252
258
264
268
277
280
276
270
262
259
257
246
244
238
234
234
227
222
220
210
196
209
223
226
229
236
240
239
249
248
248
244
244
241
234
236
245
251
252
253
247
234
239
248
250
246
252
250
235
235
240
239
239
236
234
233
236
243
250
255
260
261
263
266
258
250
239
245
262
273
266
263
262
260
258
249
243
239
235
234
230
216
210
203
203
218
223
229
231
246
267
270
277
280
284
280
267
265
269
258
253
244
236
232
228
225
220
217
215
201
197
217
228
233
233
236
244
247
250
249
247
245
245
239
230
238
242
244
243
250
250
248
253
248
244
240
245
250
246
242
240
240
236
232
231
237
243
247
258
262
268
261
261
265
253
245
236
232
249
264
268
261
257
256
261
256
250
245
242
241
235
222
215
210
210
216
222
228
231
244
254
263
267
272
279
281
276
271
266
260
257
247
242
238
229
230
225
222
218
206
197
215
226
234
235
238
242
243
247
247
247
243
244
241
235
237
246
252
253
255
254
243
239
245
253
245
248
250
241
234
237
239
237
236
236
238
240
243
254
259
268
263
263
268
258
247
239
239
258
268
271
266
264
263
264
252
246
243
237
237
232
219
215
209
208
218
222
227
229
241
252
263
268
272
278
282
273
265
267
267
265
250
243
239
237
231
224
222
219
203
197
212
220
227
232
239
246
246
252
253
251
246
245
242
234
237
249
253
255
257
256
238
239
245
251
245
248
252
241
236
238
239
236
235
236
239
240
248
254
265
265
267
269
267
255
246
239
239
259
273
268
265
260
263
270
257
251
245
239
238
230
219
215
207
206
214
218
225
228
242
251
264
267
274
280
283
277
274
264
259
262
255
246
241
230
232
227
225
222
210
197
213
227
228
235
238
246
243
245
248
250
246
247
245
239
237
248
249
248
254
256
254
254
249
240
238
246
248
245
239
236
238
237
234
237
242
247
247
256
263
267
262
264
267
256
245
236
250
262
267
272
266
264
266
259
257
248
245
242
234
227
222
214
205
205
213
219
226
230
243
263
270
277
279
283
284
270
269
271
266
256
247
242
239
236
228
222
220
215
203
199
213
220
225
232
243
248
249
257
257
253
247
245
241
232
236
244
245
247
249
250
247
251
248
253
247
249
252
254
249
243
243
238
231
229
236
244
253
260
261
265
264
265
266
258
249
239
236
244
259
269
263
259
259
256
252
245
243
243
244
241
235
227
215
214
217
221
228
245
254
258
267
271
275
279
290
279
276
266
237
194
172
142
157
184
179
178
182
187
183
177
166
152
135
109
80
109
143
169
162
174
190
191
190
202
220
222
219
234
232
238
244
245
252
255
