246
246
245
233
233
232
234
237
236
243
237
235
244
255
270
285
286
274
273
270
266
267
268
276
255
233
234
233
223
221
217
219
216
213
210
219
238
247
255
252
259
254
247
244
245
241
242
240
234
230
234
243
246
246
247
248
250
256
273
258
246
240
238
238
246
236
234
237
239
235
234
240
249
256
259
269
268
268
274
266
253
241
238
260
269
272
266
265
263
263
260
251
248
245
241
234
224
219
213
211
215
220
230
232
244
258
265
270
274
277
286
280
274
267
265
266
250
245
240
235
235
227
224
222
211
197
215
225
228
232
237
243
244
246
248
249
248
244
243
235
239
246
253
249
253
252
251
257
255
252
241
242
244
251
245
245
248
249
247
240
233
238
242
247
263
269
272
270
270
264
261
247
244
250
263
273
263
263
263
255
249
248
237
236
235
231
226
220
212
213
220
223
232
244
257
275
279
287
283
290
295
281
278
269
255
253
241
237
235
216
214
214
209
210
208
193
210
235
239
248
262
264
260
254
251
247
240
237
241
235
235
242
244
246
246
246
246
250
259
273
271
258
245
235
228
237
239
230
232
237
241
248
257
253
259
260
268
267
270
262
254
241
259
269
275
272
265
269
270
266
260
250
249
243
238
233
223
212
205
204
214
218
231
235
244
258
267
276
280
284
292
283
281
270
262
257
249
243
238
229
222
222
221
217
214
200
212
233
237
244
249
254
251
248
247
244
241
242
244
239
238
242
245
246
248
247
246
251
258
274
270
262
246
237
233
238
240
230
231
239
245
251
263
261
265
269
271
271
270
257
245
233
231
236
253
270
261
258
258
258
259
252
252
251
250
247
238
229
222
222
222
226
230
236
265
261
261
270
272
276
291
288
283
273
255
249
249
242
238
224
218
218
217
215
213
209
207
230
237
245
253
253
254
247
245
243
240
240
242
202
196
205
176
202
221
222
205
215
222
217
215
223
226
217
210
209
207
198
185
174
158
118
69
52
114
62
141
178
254
281
277
272
250
229
235
230
224
238
242
243
244
240
231
233
242
230
236
240
235
234
244
246
252
256
264
269
266
261
260
258
251
229
220
263
262
249
251
250
250
250
247
243
248
249
247
247
247
248
247
248
248
250
249
251
252
253
250
247
244
245
247
248
248
249
250
249
246
247
251
251
251
251
253
251
254
253
253
251
255
256
256
258
262
257
252
259
258
257
254
250
250
250
246
248
246
246
246
247
249
246
245
246
249
239
239
237
241
242
238
238
244
247
251
251
258
263
267
269
267
264
261
257
255
253
250
249
250
251
252
248
248
246
247
247
245
